233424
233430
233107
233422
233429
233432
233436
338744
341287
232518
233379
448105
233104
233103
233076
233282
233350
233355
233080
233305
233289
233101
232523
233108
233377
232525
233380
233113
233381
232526
233437
233440
233387
232530
233116
233299
233298
233105
233118
233127
233307
233368
233426
232519
233371
233086
233096
233415
232514
233087
233088
233094
233095
233358
233363
233417
233423
233378
232528
233304
233385
233354
232516
233102
233291
232522
233109
233294
232524
233112
233375
233376
233091
233306
233421
233441
232527
233384
233433
233388
233389
233442
233106
233039
233040
440616
440617
233290
233425
233428
233367
233386
233427
233434
340904
340905
232507
233110
233115
233293
233382
233383
232515
233416
445248
233119
233359
233418
338723
340983
340984
232521
233374
233435
440622
440623
233100
233366
445249
233295
233349
376756
232520
233292
233372
233098
233364
233077
233114
233373
233439
233361
233041
233117
233126
233310
233311
233394
233438
233302
230726
230727
230729
230728
233073
340155
340436
340862
340635
341166
341167
340601
341192
340602
341193
340604
341195
340866
341181
338698
340672
338720
340181
340683
341174
340425
340857
340438
340150
340432
340419
340645
341158
341162
341165
340439
340151
340433
340440
340426
340858
340633
340637
340644
341159
341161
341169
341173
338681
340640
340846
338686
340856
340153
340434
340152
340437
340441
340855
340163
338680
340636
340639
340642
394444
338683
340420
340646
340863
340864
340865
341180
338688
340156
340868
338713
340977
340978
340428
340859
340154
340435
340147
340427
340603
341194
338687
340423
338689
340871
340149
340430
340431
340634
340638
340643
341160
341163
341168
341172
341176
340647
340861
340869
340870
338684
340146
340421
340848
340148
340429
338721
340673
340674
340675
340676
340677
340923
341190
341191
341196
341197
376468
376664
376665
338682
340641
340847
341170
341171
341178
377017
341164
341179
338685
340849
340850
340851
340852
340853
340854
340422
341175
341177
340442
340860
395292
395829
340450
340877
