233401
233281
232495
233338
233068
233090
233419
369429
369430
381214
394633
220215
220167
395620
377101
381213
394634
437825
381407
394637
395622
377161
381107
394658
220249
380954
394623
381356
395621
220216
381419
233402
233420
230653
230939
230940
230941
230942
230943
377058
377082
377083
279862
279850
280036
280035
340137
340797
340798
340628
340629
340630
340631
341154
395596
395879
395880
395881
395882
442936
340283
341155
374257
374320
374336
374347
374388
374269
373938
374321
374337
374346
374371
374389
374370
374268
376603
376620
381178
394657
380649
377091
381212
381215
381232
381233
379584
380844
380849
381366
381372
377228
381406
381418
379608
380650
381179
381367
381373
381235
381181
395869
395870
395871
395872
395923
395635
395926
395593
395865
395866
395874
395875
395876
395877
395878
395595
395883
395884
395885
395927
395594
395873
395867
395868
395922
381234
437479
